# SPDX-License-Identifier: AGPL-3.0-only
# Copyright (c) 2022-2024 AMLL Contributors
#
# Ported from AMLL Core's cp-presets.ts. QPlayer stores presets as data rather
# than hard-coding them in Java.
# Format: preset WIDTH HEIGHT, followed by cx cy x y uRotation vRotation uScale vScale.
preset 5 5
0 0 -1 -1 0 0 1 1
1 0 -0.5 -1 0 0 1 1
2 0 0 -1 0 0 1 1
3 0 0.5 -1 0 0 1 1
4 0 1 -1 0 0 1 1
0 1 -1 -0.5 0 0 1 1
1 1 -0.5 -0.5 0 0 1 1
2 1 -0.0052029684413368305 -0.6131420587090777 0 0 1 1
3 1 0.5884227308309977 -0.3990805107556692 0 0 1 1
4 1 1 -0.5 0 0 1 1
0 2 -1 0 0 0 1 1
1 2 -0.4210024670505933 -0.11895058380429502 0 0 1 1
2 2 -0.1019613423315412 -0.023812118047224606 0 -47 0.629 0.849
3 2 0.40275125660925437 -0.06345314544600389 0 0 1 1
4 2 1 0 0 0 1 1
0 3 -1 0.5 0 0 1 1
1 3 0.06801958477287173 0.5205913248960121 -31 -45 1 1
2 3 0.21446469120128908 0.29331610114301043 6 -56 0.566 1.321
3 3 0.5 0.5 0 0 1 1
4 3 1 0.5 0 0 1 1
0 4 -1 1 0 0 1 1
1 4 -0.31378372841550195 1 0 0 1 1
2 4 0.26153633255328046 1 0 0 1 1
3 4 0.5 1 0 0 1 1
4 4 1 1 0 0 1 1
preset 5 5
0 0 -1 -1 0 0 1 1
1 0 -0.5 -1 0 0 1 1
2 0 0 -1 0 0 1 1
3 0 0.5 -1 0 0 1 1
4 0 1 -1 0 0 1 1
0 1 -1 -0.5 0 0 1 1
1 1 -0.5 -0.5 0 0 1 1
2 1 -0.0052029684413368305 -0.6131420587090777 0 0 1 1
3 1 0.5884227308309977 -0.3990805107556692 0 0 1 1
4 1 1 -0.5 0 0 1 1
0 2 -1 0 0 0 1 1
1 2 -0.4210024670505933 -0.11895058380429502 0 0 1 1
2 2 -0.1019613423315412 -0.023812118047224606 0 -47 0.629 0.849
3 2 0.40275125660925437 -0.06345314544600389 0 0 1 1
4 2 1 0 0 0 1 1
0 3 -1 0.5 0 0 1 1
1 3 0.06801958477287173 0.5205913248960121 -31 -45 1 1
2 3 0.21446469120128908 0.29331610114301043 6 -56 0.566 1.321
3 3 0.5 0.5 0 0 1 1
4 3 1 0.5 0 0 1 1
0 4 -1 1 0 0 1 1
1 4 -0.31378372841550195 1 0 0 1 1
2 4 0.26153633255328046 1 0 0 1 1
3 4 0.5 1 0 0 1 1
4 4 1 1 0 0 1 1
preset 4 4
0 0 -1 -1 0 0 1 2.075
1 0 -0.33333333333333337 -1 0 0 1 1
2 0 0.33333333333333326 -1 0 0 1 1
3 0 1 -1 0 0 1 1
0 1 -1 -0.4545779491139603 0 0 1 1
1 1 -0.33333333333333337 -0.33333333333333337 0 0 1 1
2 1 0.0889403142626457 -0.6025711180694033 -32 45 1 1
3 1 1 -0.33333333333333337 0 0 1 1
0 2 -1 -0.07402408608567845 1 0 1 0.094
1 2 -0.2719422694359541 0.09775369930903222 25 -18 1.321 0
2 2 0.19877414408395877 0.4307383294587789 48 -40 0.755 0.975
3 2 1 0.33333333333333326 -37 0 1 1
0 3 -1 1 0 0 1 1
1 3 -0.33333333333333337 1 0 0 1 1
2 3 0.5125850864305672 1 -20 -18 0 1.604
3 3 1 1 0 0 1 1
preset 5 5
0 0 -1 -1 0 0 1 1
1 0 -0.4501953125 -1 0 55 1 2.075
2 0 0.1953125 -1 0 0 1 1
3 0 0.4580078125 -1 0 -25 1 1
4 0 1 -1 0 0 1 1
0 1 -1 -0.2514475377525607 -16 0 2.327 0.943
1 1 -0.55859375 -0.6609325945787148 47 0 2.358 0.377
2 1 0.232421875 -0.5244375756366635 -66 -25 1.855 1.164
3 1 0.685546875 -0.3753706470552125 0 0 1 1
4 1 1 -0.6699125300354287 0 0 1 1
0 2 -1 0.035910396862284255 0 0 1 1
1 2 -0.4921875 0.005378616309457018 90 23 1 1.981
2 2 0.021484375 -0.1365043639066228 0 42 1 1
3 2 0.4765625 0.05925822904974043 -30 0 1.95 0.44
4 2 1 0.251428847823418 0 0 1 1
0 3 -1 0.6968336464764276 -68 0 1 0.786
1 3 -0.6904296875 0.5890744209958608 -68 0 1 1
2 3 0.1845703125 0.3879238667654693 61 0 1 1
3 3 0.60546875 0.4633553246018661 -47 -59 0.849 1.73
4 3 1 0.6214021886400309 -33 0 0.377 1.604
0 4 -1 1 0 0 1 1
1 4 -0.5 1 0 -73 1 1
2 4 -0.3271484375 1 0 -24 0.314 2.704
3 4 0.5 1 0 0 1 1
4 4 1 1 0 0 1 1
preset 5 5
0 0 -1 -1
1 0 -0.6393 -1 0 0 1 2.3884
2 0 0 -1
3 0 0.5 -1
4 0 1 -1
0 1 -1 -0.2301
1 1 -0.6934 -0.331 0 -0.7188 1 1.063
2 1 -0.0082 -0.6814 -0.2583 0 1.0964 1
3 1 0.5836 -0.531 0.7029 0 1.5466 1
4 1 1 -0.6407
0 2 -1 0.2973 0 0 1.8352 1
1 2 -0.4082 0.0602
2 2 -0.1803 -0.3646 -0.2998 0 1.1513 1
3 2 0.477 -0.1027 0.8903 -0.1882 1.0807 0.8551
4 2 1 -0.2973
0 3 -1 0.7628 0 0 2.3868 1
1 3 -0.2525 0.4814 -0.8406 -1.6199 1.4093 1.2215
2 3 0.3607 0.2814 -1.0713 -0.0529 1.0025 0.7611
3 3 0.4885 0.623 0 0.8184 1 1.2876
4 3 1 0.5
0 4 -1 1
1 4 -0.4033 1
2 4 0.2672 1
3 4 0.5967 1
4 4 1 1
preset 5 5
0 0 -1 -1
1 0 -0.2197 -1
2 0 0.0197 -1
3 0 0.8033 -1
4 0 1 -1
0 1 -1 -0.5451
1 1 -0.4885 -0.4035 -1.0246 -0.2268 1.1936 0.8005
2 1 -0.1213 -0.2867 0 -0.6981 1 0.809
3 1 0.3246 -0.5628 0 -1.2188 1 1.044
4 1 1 -0.3292
0 2 -1 0.1416
1 2 -0.341 -0.0142 0 -0.4004 1 1.1293
2 2 -0.0393 -0.023 0.2915 -0.373 1.044 0.9879
3 2 0.3148 -0.0673 -0.7853 -0.8962 1.4709 1.0247
4 2 1 0.1912
0 3 -1 0.5
1 3 -0.2689 0.2743 0.3404 -0.5248 1.0184 0.4391
2 3 0.0721 0.269 0.5302 0.1244 0.6723 0.3225
3 3 0.4148 0.3894 -0.6977 -0.6783 0.8094 0.9247
4 3 1 0.446
0 4 -1 1
1 4 -0.7311 1
2 4 0.323 1
3 4 0.6393 1
4 4 1 1
